0 0.0462963 0.64213 0.0925926 0.362037 0.400531
5 0.512963 0.456944 0.949383 0.487963 0.712929
0 0.182099 0.602778 0.228395 0.457407 0.850409
0 0.350617 0.586574 0.153086 0.421296 0.874423
0 0.911728 0.588889 0.176543 0.462963 0.881428
0 0.0462963 0.64213 0.0925926 0.362037 0.400531
5 0.512963 0.456944 0.949383 0.487963 0.712929
0 0.182099 0.602778 0.228395 0.457407 0.850409
0 0.350617 0.586574 0.153086 0.421296 0.874423
0 0.911728 0.588889 0.176543 0.462963 0.881428
58 0.712963 0.0356481 0.0358025 0.0287037 0.25615
0 0.0493827 0.628241 0.0987654 0.360185 0.58466
0 0.348765 0.587963 0.149383 0.418519 0.899861
0 0.914815 0.588889 0.17037 0.453704 0.922426
0 0.182716 0.602315 0.239506 0.469444 0.92622
5 0.504938 0.449074 0.977778 0.47037 0.934763
58 0.712963 0.0356481 0.0358025 0.0287037 0.25615
0 0.0493827 0.628241 0.0987654 0.360185 0.58466
0 0.348765 0.587963 0.149383 0.418519 0.899861
0 0.914815 0.588889 0.17037 0.453704 0.922426
0 0.182716 0.602315 0.239506 0.469444 0.92622
5 0.504938 0.449074 0.977778 0.47037 0.934763
