5 0.510494 0.455556 0.954321 0.488889 0.710746
0 0.180864 0.602778 0.223457 0.455556 0.853397
0 0.351235 0.586574 0.151852 0.419444 0.876701
0 0.911111 0.588426 0.177778 0.463889 0.878158
0 0.0487654 0.625 0.0975309 0.366667 0.611671
0 0.348765 0.5875 0.149383 0.419444 0.850712
0 0.914815 0.588889 0.17037 0.453704 0.922625
0 0.182716 0.602315 0.239506 0.469444 0.927095
5 0.506173 0.449074 0.97284 0.47037 0.933941
5 0.510494 0.455556 0.954321 0.488889 0.710746
0 0.180864 0.602778 0.223457 0.455556 0.853397
0 0.351235 0.586574 0.151852 0.419444 0.876701
0 0.911111 0.588426 0.177778 0.463889 0.878158
5 0.510494 0.455556 0.954321 0.488889 0.710746
0 0.180864 0.602778 0.223457 0.455556 0.853397
0 0.351235 0.586574 0.151852 0.419444 0.876701
0 0.911111 0.588426 0.177778 0.463889 0.878158
