2 0.138889 0.409794 0.0521886 0.0670103 0.518242
2 0.920875 0.372423 0.03367 0.0541237 0.519986
2 0.984007 0.426546 0.0319865 0.0592784 0.537701
2 0.411616 0.420103 0.0488215 0.0773196 0.55443
2 0.613636 0.411082 0.0420875 0.0541237 0.571693
2 0.617003 0.476804 0.0521886 0.0618557 0.580538
2 0.397306 0.523196 0.0639731 0.0773196 0.581897
7 0.757576 0.523196 0.0606061 0.123711 0.60069
2 0.12963 0.588918 0.0673401 0.10567 0.601617
2 0.23569 0.783505 0.0808081 0.103093 0.624438
2 0.228114 0.66366 0.0791246 0.0953608 0.652717
2 0.0942761 0.487113 0.0538721 0.0670103 0.687765
2 0.641414 0.551546 0.0572391 0.0773196 0.705711
2 0.387205 0.621134 0.0707071 0.0876289 0.709819
2 0.0942761 0.69201 0.0774411 0.0953608 0.71373
2 0.664983 0.630155 0.0707071 0.0850515 0.723097
2 0.96633 0.51933 0.0639731 0.0695876 0.737802
2 0.207912 0.885309 0.0993266 0.126289 0.755197
2 0.813131 0.640464 0.0740741 0.0850515 0.755674
2 0.720539 0.703608 0.0774411 0.0979381 0.760007
2 0.047138 0.813144 0.0909091 0.131443 0.770674
2 0.756734 0.837629 0.102694 0.118557 0.788068
2 0.386364 0.809278 0.0824916 0.108247 0.799036
2 0.933502 0.853093 0.109428 0.118557 0.810644
2 0.138889 0.409794 0.0521886 0.0670103 0.518242
2 0.920875 0.372423 0.03367 0.0541237 0.519986
2 0.984007 0.426546 0.0319865 0.0592784 0.537701
2 0.411616 0.420103 0.0488215 0.0773196 0.55443
2 0.613636 0.411082 0.0420875 0.0541237 0.571693
2 0.617003 0.476804 0.0521886 0.0618557 0.580538
2 0.397306 0.523196 0.0639731 0.0773196 0.581897
7 0.757576 0.523196 0.0606061 0.123711 0.60069
2 0.12963 0.588918 0.0673401 0.10567 0.601617
2 0.23569 0.783505 0.0808081 0.103093 0.624438
2 0.228114 0.66366 0.0791246 0.0953608 0.652717
2 0.0942761 0.487113 0.0538721 0.0670103 0.687765
2 0.641414 0.551546 0.0572391 0.0773196 0.705711
2 0.387205 0.621134 0.0707071 0.0876289 0.709819
2 0.0942761 0.69201 0.0774411 0.0953608 0.71373
2 0.664983 0.630155 0.0707071 0.0850515 0.723097
2 0.96633 0.51933 0.0639731 0.0695876 0.737802
2 0.207912 0.885309 0.0993266 0.126289 0.755197
2 0.813131 0.640464 0.0740741 0.0850515 0.755674
2 0.720539 0.703608 0.0774411 0.0979381 0.760007
2 0.047138 0.813144 0.0909091 0.131443 0.770674
2 0.756734 0.837629 0.102694 0.118557 0.788068
2 0.386364 0.809278 0.0824916 0.108247 0.799036
2 0.933502 0.853093 0.109428 0.118557 0.810644
2 0.758417 0.521907 0.0622896 0.121134 0.100314
5 0.680976 0.121134 0.0319865 0.118557 0.102096
7 0.984007 0.426546 0.0319865 0.0592784 0.108333
2 0.383838 0.271907 0.03367 0.0747423 0.10875
2 0.291246 0.449742 0.0538721 0.0695876 0.110841
7 0.656566 0.311856 0.037037 0.0618557 0.114594
7 0.921717 0.373711 0.0353535 0.0515464 0.119051
7 0.138889 0.409794 0.0521886 0.0670103 0.122614
7 0.28367 0.216495 0.0454545 0.0670103 0.129029
7 0.819865 0.375 0.124579 0.131443 0.133727
2 0.824916 0.113402 0.023569 0.0257732 0.135508
5 0.282828 0.217784 0.043771 0.064433 0.136043
2 0.786195 0.399485 0.0639731 0.103093 0.145637
7 0.880471 0.467784 0.0740741 0.0798969 0.146352
2 0.30303 0.41366 0.0538721 0.064433 0.151143
2 0.27862 0.319588 0.0353535 0.0463918 0.154601
2 0.800505 0.228093 0.0319865 0.0438144 0.157049
7 0.0176768 0.617268 0.0353535 0.0850515 0.16324
7 0.358586 0.195876 0.030303 0.0618557 0.169441
2 0.674242 0.362113 0.0420875 0.0489691 0.17671
5 0.359428 0.195876 0.0319865 0.0618557 0.176942
2 0.419192 0.326031 0.043771 0.0798969 0.179875
2 0.697811 0.662371 0.106061 0.123711 0.199984
2 0.316498 0.323454 0.037037 0.0489691 0.20232
5 0.843434 0.324742 0.0707071 0.134021 0.202439
2 0.250842 0.264175 0.030303 0.0438144 0.213779
7 0.868687 0.393041 0.0673401 0.0798969 0.218139
2 0.234007 0.289948 0.03367 0.0438144 0.218328
5 0.728114 0.143041 0.0387205 0.0798969 0.28177
2 0.304714 0.506443 0.0538721 0.0695876 0.301147
2 0.41835 0.349227 0.0420875 0.0489691 0.305173
7 0.727273 0.141753 0.037037 0.0824742 0.30651
2 0.349327 0.344072 0.0387205 0.0489691 0.312217
2 0.657407 0.313144 0.0353535 0.0592784 0.369426
2 0.590909 0.35567 0.040404 0.0670103 0.370461
2 0.228956 0.398196 0.043771 0.0592784 0.379671
2 0.271886 0.559278 0.0589226 0.0773196 0.38668
2 0.169192 0.536082 0.0589226 0.0824742 0.387669
2 0.579966 0.306701 0.0319865 0.0412371 0.399358
5 0.741583 0.293814 0.0589226 0.128866 0.41529
7 0.874579 0.431701 0.0824916 0.136598 0.431279
7 0.844276 0.324742 0.0690236 0.139175 0.434156
7 0.786195 0.399485 0.0639731 0.103093 0.434948
2 0.683502 0.386598 0.050505 0.0721649 0.435347
2 0.206229 0.458763 0.0454545 0.056701 0.44349
2 0.0176768 0.619845 0.0353535 0.0798969 0.460508
2 0.205387 0.323454 0.03367 0.0489691 0.474067
2 0.37963 0.914948 0.106061 0.0721649 0.485238
7 0.742424 0.291237 0.0572391 0.123711 0.487855
2 0.138889 0.409794 0.0521886 0.0670103 0.518242
2 0.920875 0.372423 0.03367 0.0541237 0.519986
2 0.984007 0.426546 0.0319865 0.0592784 0.537701
2 0.411616 0.420103 0.0488215 0.0773196 0.55443
2 0.613636 0.411082 0.0420875 0.0541237 0.571693
2 0.617003 0.476804 0.0521886 0.0618557 0.580538
2 0.397306 0.523196 0.0639731 0.0773196 0.581897
7 0.757576 0.523196 0.0606061 0.123711 0.60069
2 0.12963 0.588918 0.0673401 0.10567 0.601617
2 0.23569 0.783505 0.0808081 0.103093 0.624438
2 0.228114 0.66366 0.0791246 0.0953608 0.652717
2 0.0942761 0.487113 0.0538721 0.0670103 0.687765
2 0.641414 0.551546 0.0572391 0.0773196 0.705711
2 0.387205 0.621134 0.0707071 0.0876289 0.709819
2 0.0942761 0.69201 0.0774411 0.0953608 0.71373
2 0.664983 0.630155 0.0707071 0.0850515 0.723097
2 0.96633 0.51933 0.0639731 0.0695876 0.737802
2 0.207912 0.885309 0.0993266 0.126289 0.755197
2 0.813131 0.640464 0.0740741 0.0850515 0.755674
2 0.720539 0.703608 0.0774411 0.0979381 0.760007
2 0.047138 0.813144 0.0909091 0.131443 0.770674
2 0.756734 0.837629 0.102694 0.118557 0.788068
2 0.386364 0.809278 0.0824916 0.108247 0.799036
2 0.933502 0.853093 0.109428 0.118557 0.810644
2 0.138889 0.409794 0.0521886 0.0670103 0.518242
2 0.920875 0.372423 0.03367 0.0541237 0.519986
2 0.984007 0.426546 0.0319865 0.0592784 0.537701
2 0.411616 0.420103 0.0488215 0.0773196 0.55443
2 0.613636 0.411082 0.0420875 0.0541237 0.571693
2 0.617003 0.476804 0.0521886 0.0618557 0.580538
2 0.397306 0.523196 0.0639731 0.0773196 0.581897
7 0.757576 0.523196 0.0606061 0.123711 0.60069
2 0.12963 0.588918 0.0673401 0.10567 0.601617
2 0.23569 0.783505 0.0808081 0.103093 0.624438
2 0.228114 0.66366 0.0791246 0.0953608 0.652717
2 0.0942761 0.487113 0.0538721 0.0670103 0.687765
2 0.641414 0.551546 0.0572391 0.0773196 0.705711
2 0.387205 0.621134 0.0707071 0.0876289 0.709819
2 0.0942761 0.69201 0.0774411 0.0953608 0.71373
2 0.664983 0.630155 0.0707071 0.0850515 0.723097
2 0.96633 0.51933 0.0639731 0.0695876 0.737802
2 0.207912 0.885309 0.0993266 0.126289 0.755197
2 0.813131 0.640464 0.0740741 0.0850515 0.755674
2 0.720539 0.703608 0.0774411 0.0979381 0.760007
2 0.047138 0.813144 0.0909091 0.131443 0.770674
2 0.756734 0.837629 0.102694 0.118557 0.788068
2 0.386364 0.809278 0.0824916 0.108247 0.799036
2 0.933502 0.853093 0.109428 0.118557 0.810644
2 0.138889 0.409794 0.0521886 0.0670103 0.518242
2 0.920875 0.372423 0.03367 0.0541237 0.519986
2 0.984007 0.426546 0.0319865 0.0592784 0.537701
2 0.411616 0.420103 0.0488215 0.0773196 0.55443
2 0.613636 0.411082 0.0420875 0.0541237 0.571693
2 0.617003 0.476804 0.0521886 0.0618557 0.580538
2 0.397306 0.523196 0.0639731 0.0773196 0.581897
7 0.757576 0.523196 0.0606061 0.123711 0.60069
2 0.12963 0.588918 0.0673401 0.10567 0.601617
2 0.23569 0.783505 0.0808081 0.103093 0.624438
2 0.228114 0.66366 0.0791246 0.0953608 0.652717
2 0.0942761 0.487113 0.0538721 0.0670103 0.687765
2 0.641414 0.551546 0.0572391 0.0773196 0.705711
2 0.387205 0.621134 0.0707071 0.0876289 0.709819
2 0.0942761 0.69201 0.0774411 0.0953608 0.71373
2 0.664983 0.630155 0.0707071 0.0850515 0.723097
2 0.96633 0.51933 0.0639731 0.0695876 0.737802
2 0.207912 0.885309 0.0993266 0.126289 0.755197
2 0.813131 0.640464 0.0740741 0.0850515 0.755674
2 0.720539 0.703608 0.0774411 0.0979381 0.760007
2 0.047138 0.813144 0.0909091 0.131443 0.770674
2 0.756734 0.837629 0.102694 0.118557 0.788068
2 0.386364 0.809278 0.0824916 0.108247 0.799036
2 0.933502 0.853093 0.109428 0.118557 0.810644
