1 0.217969 0.522396 0.101562 0.113542 0.775258
1 0.513281 0.453646 0.198437 0.169792 0.819913
1 0.217969 0.522396 0.101562 0.113542 0.775258
1 0.513281 0.453646 0.198437 0.169792 0.819913
1 0.217969 0.522396 0.101562 0.113542 0.775258
1 0.513281 0.453646 0.198437 0.169792 0.819913
1 0.217969 0.522396 0.101562 0.113542 0.775258
1 0.513281 0.453646 0.198437 0.169792 0.819913
1 0.217969 0.522396 0.101562 0.113542 0.775258
1 0.513281 0.453646 0.198437 0.169792 0.819913
1 0.217969 0.522396 0.101562 0.113542 0.775258
1 0.513281 0.453646 0.198437 0.169792 0.819913
1 0.217969 0.522396 0.101562 0.113542 0.775258
1 0.513281 0.453646 0.198437 0.169792 0.819913
