28 0.618571 0.637805 0.0382857 0.111444 0.689791
28 0.0485714 0.841192 0.0971429 0.306472 0.714737
0 0.475429 0.696099 0.260571 0.591513 0.715846
0 0.403714 0.561723 0.048 0.233605 0.783197
0 0.572571 0.585298 0.0822857 0.333048 0.821165
0 0.814571 0.656451 0.197143 0.62709 0.895767
28 0.618571 0.637805 0.0382857 0.111444 0.689791
28 0.0485714 0.841192 0.0971429 0.306472 0.714737
0 0.475429 0.696099 0.260571 0.591513 0.715846
0 0.403714 0.561723 0.048 0.233605 0.783197
0 0.572571 0.585298 0.0822857 0.333048 0.821165
0 0.814571 0.656451 0.197143 0.62709 0.895767
0 0.493571 0.538148 0.0997143 0.145306 0.880441
0 0.493571 0.538148 0.0997143 0.145306 0.880441
0 0.493571 0.538148 0.0997143 0.145306 0.880441
0 0.493571 0.538148 0.0997143 0.145306 0.880441
0 0.493571 0.538148 0.0997143 0.145306 0.880441
0 0.493571 0.538148 0.0997143 0.145306 0.880441
