1 0.2215 0.334584 0.03 0.0435109 0.76692
1 0.02725 0.430233 0.0495 0.0907727 0.787806
1 0.13375 0.463241 0.0635 0.131283 0.837839
1 0.7915 0.540885 0.063 0.100525 0.86396
0 0.37425 0.489122 0.1085 0.163541 0.879435
0 0.59375 0.442986 0.0875 0.144786 0.902178
1 0.09075 0.357089 0.0405 0.0555139 0.902897
1 0.2215 0.334584 0.03 0.0435109 0.76692
1 0.02725 0.430233 0.0495 0.0907727 0.787806
1 0.13375 0.463241 0.0635 0.131283 0.837839
1 0.7915 0.540885 0.063 0.100525 0.86396
0 0.37425 0.489122 0.1085 0.163541 0.879435
0 0.59375 0.442986 0.0875 0.144786 0.902178
1 0.09075 0.357089 0.0405 0.0555139 0.902897
0 0.02625 0.113278 0.0105 0.0255064 0.112547
0 0.05425 0.367967 0.0155 0.0382596 0.118226
1 0.221 0.423106 0.018 0.0405101 0.375254
1 0.43075 0.370968 0.0295 0.0862716 0.439164
1 0.2215 0.334584 0.03 0.0435109 0.76692
1 0.02725 0.430233 0.0495 0.0907727 0.787806
1 0.13375 0.463241 0.0635 0.131283 0.837839
1 0.7915 0.540885 0.063 0.100525 0.86396
0 0.37425 0.489122 0.1085 0.163541 0.879435
0 0.59375 0.442986 0.0875 0.144786 0.902178
1 0.09075 0.357089 0.0405 0.0555139 0.902897
1 0.2215 0.334584 0.03 0.0435109 0.76692
1 0.02725 0.430233 0.0495 0.0907727 0.787806
1 0.13375 0.463241 0.0635 0.131283 0.837839
1 0.7915 0.540885 0.063 0.100525 0.86396
0 0.37425 0.489122 0.1085 0.163541 0.879435
0 0.59375 0.442986 0.0875 0.144786 0.902178
1 0.09075 0.357089 0.0405 0.0555139 0.902897
1 0.2215 0.334584 0.03 0.0435109 0.76692
1 0.02725 0.430233 0.0495 0.0907727 0.787806
1 0.13375 0.463241 0.0635 0.131283 0.837839
1 0.7915 0.540885 0.063 0.100525 0.86396
0 0.37425 0.489122 0.1085 0.163541 0.879435
0 0.59375 0.442986 0.0875 0.144786 0.902178
1 0.09075 0.357089 0.0405 0.0555139 0.902897
