0 0.754167 0.303777 0.0453704 0.0886699 0.857449
0 0.900926 0.270936 0.0444444 0.0853859 0.870491
0 0.0907407 0.272578 0.0425926 0.0722496 0.874347
0 0.262037 0.309524 0.0407407 0.0738916 0.882296
0 0.442593 0.307061 0.0722222 0.17734 0.885703
0 0.754167 0.303777 0.0453704 0.0886699 0.857449
0 0.900926 0.270936 0.0444444 0.0853859 0.870491
0 0.0907407 0.272578 0.0425926 0.0722496 0.874347
0 0.262037 0.309524 0.0407407 0.0738916 0.882296
0 0.442593 0.307061 0.0722222 0.17734 0.885703
0 0.754167 0.303777 0.0453704 0.0886699 0.857449
0 0.900926 0.270936 0.0444444 0.0853859 0.870491
0 0.0907407 0.272578 0.0425926 0.0722496 0.874347
0 0.262037 0.309524 0.0407407 0.0738916 0.882296
0 0.442593 0.307061 0.0722222 0.17734 0.885703
0 0.754167 0.303777 0.0453704 0.0886699 0.857449
0 0.900926 0.270936 0.0444444 0.0853859 0.870491
0 0.0907407 0.272578 0.0425926 0.0722496 0.874347
0 0.262037 0.309524 0.0407407 0.0738916 0.882296
0 0.442593 0.307061 0.0722222 0.17734 0.885703
