     0/149     0.87G   0.08224   0.04415   0.01728    0.1437        24       416    0.6514   0.01799  0.009362  0.002084    0.1024   0.02533   0.01679
     1/149     1.43G    0.0621   0.03608   0.01564    0.1138        20       416    0.7605    0.2248    0.2167   0.06454   0.06609   0.06735   0.01244
     2/149     1.43G   0.05881   0.03517   0.01261    0.1066        39       416    0.7395    0.2248    0.2541   0.08219   0.06203   0.03013   0.01146
     3/149     1.43G    0.0569   0.03399  0.009555    0.1004        30       416    0.4368    0.3603     0.376    0.1049   0.05996   0.03465   0.01171
     4/149     1.43G   0.05537    0.0349  0.008386   0.09865        24       416    0.3091     0.472    0.3433   0.09557   0.06373   0.02684  0.009116
     5/149     1.43G   0.05411   0.03521  0.007246   0.09656        37       416    0.1922   0.05337   0.02838  0.009208     0.119   0.01859   0.05667
     6/149     1.43G   0.05491   0.03526  0.006895   0.09707        22       416    0.2236    0.4354    0.1656   0.05156   0.05883   0.06353   0.00977
     7/149     1.43G   0.05273   0.03574  0.006546   0.09501        15       416    0.6674     0.422    0.4336    0.1952   0.05319   0.01736  0.008242
     8/149     1.43G   0.05105   0.03605  0.006318   0.09343        15       416    0.7013    0.3604    0.4119    0.1481   0.06225   0.02054  0.006456
     9/149     1.43G   0.05339   0.03632  0.007344   0.09706        31       416    0.5559    0.3075    0.3504    0.1149   0.05414   0.04064   0.01198
    10/149     1.43G   0.05379   0.03751  0.006599    0.0979        35       416    0.4237    0.5127    0.4273    0.1721   0.06002   0.02724  0.007258
    11/149     1.43G   0.05121   0.03443  0.005374   0.09102        44       416    0.5914    0.5605    0.5279    0.2263   0.04895   0.01757  0.006195
    12/149     1.43G    0.0507   0.03686  0.005962   0.09352        48       416    0.5668    0.4918    0.4948    0.2158   0.04761   0.02629  0.006166
    13/149     1.43G   0.05098   0.03385  0.005363    0.0902        50       416    0.6788    0.4142    0.4803    0.2082   0.05289   0.01489  0.008482
    14/149     1.43G   0.05028    0.0335  0.005749   0.08953        39       416    0.5468    0.4511    0.3493    0.1567   0.04984   0.03988   0.01127
    15/149     1.43G   0.05055   0.03274  0.006322   0.08962         5       416    0.6261    0.5128      0.51    0.2287   0.04832    0.0201   0.01149
    16/149     1.43G   0.05059   0.03469  0.005591   0.09086        51       416    0.7396    0.4721    0.5264    0.2138   0.05424   0.02676  0.008966
    17/149     1.43G   0.04916   0.03508  0.006133   0.09037        37       416     0.412    0.4384    0.3783    0.1498   0.09451   0.01687     1.047
    18/149     1.43G   0.05013   0.03496  0.005894   0.09098        24       416    0.2989    0.2135     0.155   0.05457   0.09302   0.03593     1.317
    19/149     1.43G   0.05095   0.03558  0.005583   0.09211        16       416    0.6523    0.5671    0.5534     0.209    0.0485   0.01937   0.01179
    20/149     1.43G   0.04952   0.03372  0.005411   0.08864        24       416    0.6022    0.6057    0.5172    0.2421   0.04403   0.01752  0.004742
    21/149     1.43G   0.05215   0.03497  0.005898   0.09302        63       416    0.5644    0.5055    0.5038    0.2209    0.0505   0.01477   0.01093
    22/149     1.43G   0.05044   0.03298   0.00567   0.08909       111       416    0.6344    0.5496    0.5865    0.2679   0.04578   0.02291   0.01316
    23/149     1.43G   0.04813   0.03531  0.005327   0.08876        41       416    0.6821    0.5121    0.5148    0.2352   0.04561   0.02183   0.00749
    24/149     1.43G   0.04882   0.03306  0.005191   0.08707        13       416    0.8448    0.5044    0.5919    0.2421   0.05347   0.01726  0.009906
    25/149     1.43G   0.04897   0.03383  0.005629   0.08843        26       416    0.7116    0.5937    0.6393    0.2562    0.0456   0.01765  0.006467
    26/149     1.43G   0.04662   0.03379  0.004533   0.08494        26       416    0.7623    0.5456    0.5957    0.2796   0.04525   0.01467  0.005694
    27/149     1.43G   0.04566   0.03245  0.005187    0.0833        31       416    0.6913     0.559    0.5653    0.2594   0.04515   0.01608  0.005434
    28/149     1.43G   0.04723   0.03134  0.004955   0.08353        18       416    0.6169    0.6562    0.6103    0.2606   0.04688   0.01493  0.004146
    29/149     1.43G   0.04785   0.03466  0.005685    0.0882        12       416    0.7204    0.5751    0.6442    0.2469   0.04786   0.01397  0.005995
    30/149     1.43G    0.0467   0.03375  0.005407   0.08585        51       416    0.6893    0.5896    0.6351    0.3015   0.04253   0.01403  0.004185
    31/149     1.43G   0.04649   0.03398  0.004477   0.08495        23       416    0.6868    0.5842    0.6151    0.2851   0.04299   0.01424  0.006928
    32/149     1.43G   0.04621   0.03404  0.004265   0.08452        45       416    0.7207    0.6012    0.6153    0.2921   0.04299   0.01673  0.006237
    33/149     1.43G   0.04736   0.03357  0.004591   0.08552        11       416    0.7191    0.5915     0.635    0.2701   0.04445   0.01392  0.007504
    34/149     1.43G   0.04732   0.03229  0.005119   0.08472        25       416    0.7627    0.5578    0.6246    0.2772   0.04535   0.01397  0.005663
    35/149     1.43G   0.04675   0.03337  0.004361   0.08448        44       416    0.6411    0.6586    0.6251    0.2994   0.04474   0.01427  0.005675
    36/149     1.43G   0.04471   0.03115  0.004398   0.08026        13       416    0.7058    0.6262    0.6281    0.2924   0.04481   0.01517  0.003464
    37/149     1.43G   0.04443   0.03259  0.004498   0.08152        42       416    0.7989    0.5479    0.5886    0.2751   0.04439   0.01499  0.006025
    38/149     1.43G   0.04477   0.03229  0.004566   0.08163        25       416    0.8085    0.6163    0.6435    0.3076   0.04261   0.01476  0.005272
    39/149     1.43G    0.0443   0.03143  0.004326   0.08006        16       416    0.8045    0.6424    0.6758    0.3134   0.04207   0.01268  0.005869
    40/149     1.43G   0.04472   0.03252  0.004468   0.08171        25       416    0.7996    0.5896     0.638    0.3076    0.0413    0.0145  0.005377
    41/149     1.43G   0.04391   0.03103  0.004457    0.0794        31       416    0.6752     0.694    0.6862    0.3165    0.0418   0.01426  0.003713
    42/149     1.43G   0.04386   0.03145   0.00443   0.07974        36       416     0.763     0.649    0.6857    0.3223   0.04343   0.01352  0.006081
    43/149     1.43G   0.04388   0.03161  0.004666   0.08015        43       416    0.8002     0.667    0.7047     0.316    0.0412    0.0126  0.004278
    44/149     1.43G   0.04583   0.03216   0.00469   0.08268        17       416     0.758    0.6185    0.6556    0.3256   0.04392   0.01294  0.006173
    45/149     1.43G   0.04617    0.0317  0.004722   0.08259        16       416    0.7817    0.6732    0.7098    0.3468   0.04171   0.01364  0.004487
    46/149     1.43G   0.04357   0.03162  0.003813     0.079        28       416    0.7147    0.7459    0.7257    0.3385   0.04144   0.01258  0.005727
    47/149     1.43G   0.04359   0.03189  0.004274   0.07975        18       416    0.6794    0.6411     0.656     0.316   0.04034   0.01808  0.004004
    48/149     1.43G   0.04243   0.03183  0.004466   0.07872        16       416     0.833    0.6778    0.7249    0.3461   0.04144   0.01248  0.004554
    49/149     1.43G   0.04303   0.03284  0.004554   0.08042        16       416    0.8666    0.6431    0.7122    0.3379   0.04097   0.01315  0.004421
    50/149     1.43G   0.04189   0.02991  0.003928   0.07573        26       416    0.8014    0.7096    0.7101    0.3465   0.03923   0.01314  0.004478
    51/149     1.43G   0.04168   0.03047  0.003934   0.07609        38       416    0.8057    0.7547    0.7557    0.3699   0.03968   0.01307  0.003362
    52/149     1.43G   0.04222   0.03319  0.003494    0.0789        58       416    0.7571    0.7168    0.7119    0.3259   0.04375   0.01457  0.006267
    53/149     1.43G   0.04261   0.03045  0.003411   0.07648        24       416    0.7683    0.6137    0.6437    0.3043   0.04313   0.01377  0.005446
    54/149     1.43G   0.04283   0.03202  0.003359    0.0782        33       416    0.7459     0.597    0.6491     0.325   0.04026   0.01374  0.006902
    55/149     1.43G   0.04167   0.03084  0.003201   0.07571        30       416    0.8462    0.6592    0.6964    0.3343   0.04026   0.01421  0.004616
    56/149     1.43G   0.04179    0.0316  0.003537   0.07692        23       416    0.8049    0.6694    0.7291    0.3391   0.04014   0.01341  0.005318
    57/149     1.43G   0.04237   0.03223  0.003684   0.07829        28       416    0.6864    0.6856    0.6632    0.3259   0.04102   0.01285  0.004846
    58/149     1.43G   0.04362   0.03084  0.003949   0.07841        25       416    0.7175    0.6811     0.668    0.3149   0.04188   0.01251  0.005321
    59/149     1.43G   0.04103   0.03043  0.003422   0.07488        37       416    0.8242    0.6106    0.6399    0.3246   0.03834   0.01719  0.007387
    60/149     1.43G   0.04159   0.03092  0.003962   0.07648        21       416    0.8469    0.6046    0.6562    0.3367   0.03859    0.0138  0.005076
    61/149     1.43G   0.04197   0.03125  0.003623   0.07685        17       416    0.7178    0.7041    0.7069     0.341    0.0404   0.01277  0.003902
    62/149     1.43G   0.04155   0.03193  0.003702   0.07718        38       416    0.6858    0.6717    0.6475    0.3161   0.04228   0.01353  0.004169
    63/149     1.43G    0.0413   0.03004  0.003679   0.07503         9       416    0.7398    0.7326     0.708    0.3648   0.03975   0.01454  0.004678
    64/149     1.43G   0.04326    0.0319   0.00393   0.07909         9       416    0.7368     0.754    0.7344    0.3775   0.03986    0.0126  0.003682
    65/149     1.43G    0.0415   0.03258  0.003678   0.07775        26       416    0.7799     0.709    0.7037    0.3558   0.03833   0.01301  0.003798
    66/149     1.43G   0.04019   0.03021  0.003146   0.07354        18       416    0.7834    0.6658    0.6892    0.3621   0.03692   0.01297  0.004906
    67/149     1.43G   0.04056   0.03121  0.003519   0.07529        32       416    0.7132    0.7408    0.7257    0.3483   0.03981   0.01284  0.003846
    68/149     1.43G   0.04148   0.03028  0.003399   0.07515        19       416    0.7599    0.6181    0.6443    0.3316   0.03877   0.01351  0.006724
    69/149     1.43G   0.04055   0.03269  0.003231   0.07647        61       416    0.8374    0.6567    0.7411    0.3618   0.03856   0.01394    0.0054
    70/149     1.43G   0.04085   0.03028  0.003691   0.07482        45       416    0.8064     0.715    0.7407    0.3591   0.03926   0.01304  0.004143
    71/149     1.43G   0.03922   0.03045  0.003709   0.07338        13       416    0.7706    0.6783    0.7125    0.3712   0.03813   0.01299   0.00562
    72/149     1.43G   0.03922   0.03117  0.003522   0.07391        28       416     0.824    0.6799    0.7357    0.3604   0.03731   0.01297  0.006761
    73/149     1.43G   0.03924   0.03093  0.003577   0.07375        30       416    0.7307    0.6748    0.6395    0.3173   0.03992   0.01702  0.006091
    74/149     1.44G   0.03946   0.02888  0.004195   0.07253        34       416    0.7838    0.6148    0.6471    0.3451   0.03831   0.01364  0.005304
    75/149     1.44G   0.03995   0.03059  0.003616   0.07415        23       416    0.8308    0.6292    0.6947    0.3458   0.03876   0.01295  0.005032
    76/149     1.44G   0.04057     0.031   0.00342     0.075        30       416    0.7707    0.7173    0.7204    0.3763   0.03882    0.0126  0.004182
    77/149     1.44G    0.0409   0.03049  0.003085   0.07447        22       416    0.7657    0.7468    0.7199    0.3785   0.03785   0.01295  0.003096
    78/149     1.44G   0.03961   0.02991  0.003482     0.073        31       416    0.8185    0.6566    0.6982    0.3352   0.03859    0.0139  0.004245
    79/149     1.44G   0.03966   0.03051  0.003883   0.07406        36       416    0.8849    0.7234    0.7791    0.3953   0.03802   0.01344  0.003346
    80/149     1.44G   0.03888   0.03145  0.003371    0.0737        32       416    0.8055     0.754    0.7519    0.3824   0.03788   0.01275  0.004141
    81/149     1.44G   0.03932   0.03104  0.003073   0.07343       129       416    0.8045    0.7012    0.7444    0.4201   0.03675   0.01217  0.004536
    82/149     1.44G   0.03855   0.03011  0.003072   0.07174        26       416    0.8094    0.6448    0.7098    0.3574   0.03698   0.01265  0.004901
    83/149     1.44G   0.03871   0.02913  0.003124   0.07097         9       416    0.8192    0.6783    0.7304    0.3835   0.03733   0.01316    0.0042
    84/149     1.44G   0.03879   0.02917  0.003428   0.07138        38       416    0.8216    0.7228    0.7499    0.3753   0.03974   0.01362  0.003601
    85/149     1.44G   0.03902   0.03072  0.002673   0.07241        35       416    0.7684    0.6712    0.6935    0.3671   0.03896   0.01333  0.004184
    86/149     1.44G   0.03875   0.03026  0.003392    0.0724        37       416     0.837    0.7178    0.7197    0.3845   0.03977   0.01286  0.007678
    87/149     1.44G   0.03929   0.02957  0.003336   0.07221        24       416    0.8057    0.6688    0.7167    0.3676   0.03858   0.01261   0.00457
    88/149     1.44G    0.0397   0.03056  0.002825   0.07308        33       416    0.8534    0.6866    0.7553    0.3849    0.0375   0.01225  0.004201
    89/149     1.44G   0.04003    0.0303  0.003014   0.07335        20       416    0.7788    0.7498    0.7733    0.4023   0.03671   0.01248   0.00418
    90/149     1.44G   0.03756   0.02871    0.0029   0.06918        22       416    0.8179    0.6926    0.7297    0.3734   0.03895   0.01359  0.005663
    91/149     1.44G   0.03774   0.02917  0.003554   0.07046        22       416    0.8478    0.6454    0.6843     0.358   0.03713   0.01268  0.006495
    92/149     1.44G   0.03816   0.02986  0.003287    0.0713        16       416    0.8088    0.7252     0.769    0.4011   0.03782   0.01236  0.006572
    93/149     1.44G   0.03824   0.02928  0.002654   0.07018        21       416    0.8825    0.7012    0.7671    0.4067   0.03783   0.01233  0.003797
    94/149     1.44G   0.03838   0.02998  0.002894   0.07126        21       416    0.8199    0.7522    0.7871    0.3998   0.03906   0.01229  0.003684
    95/149     1.44G   0.03809   0.02918  0.002877   0.07014        21       416    0.8246    0.7174    0.7654    0.3925   0.03869   0.01226   0.00444
    96/149     1.44G   0.03858   0.02846  0.002988   0.07003        26       416    0.7767    0.7132    0.7482    0.3845   0.03531   0.01224  0.005153
    97/149     1.44G   0.03836   0.02909  0.002774   0.07022         7       416    0.8017    0.6964    0.7595    0.3812   0.03703   0.01242  0.003845
    98/149     1.44G    0.0363   0.02843  0.002768    0.0675        48       416    0.8014    0.6727    0.7099    0.3847   0.03882   0.01265  0.004403
    99/149     1.44G   0.03743   0.02975  0.002772   0.06995        48       416    0.7366    0.7114    0.7225     0.367   0.03754   0.01301  0.003807
   100/149     1.44G   0.03766   0.02982  0.002918   0.07039        39       416    0.7409    0.7408    0.7495    0.3842   0.03823   0.01225  0.006258
   101/149     1.44G   0.03586   0.02942   0.00266   0.06794        64       416    0.8274    0.7108    0.7522    0.3917   0.03645     0.013  0.004771
   102/149     1.44G   0.03659   0.02816  0.002404   0.06715        17       416    0.8202     0.709    0.7477    0.4107   0.03696   0.01253  0.004688
   103/149     1.44G   0.03583   0.02826   0.00253   0.06663        13       416    0.8461    0.7348    0.7729    0.4031   0.03722   0.01276  0.003418
   104/149     1.44G   0.03682   0.02797  0.002537   0.06733        46       416    0.8641    0.7145    0.7847    0.4075   0.03505   0.01199  0.002661
   105/149     1.44G   0.03707   0.02861   0.00223   0.06791        35       416    0.8605    0.7086    0.7534    0.4013   0.03681   0.01206  0.004159
   106/149     1.44G   0.03687   0.02769  0.001979   0.06654        15       416    0.8223    0.7269    0.7594    0.4045   0.03703   0.01338  0.005051
   107/149     1.44G   0.03627    0.0294  0.002647   0.06831        53       416      0.83    0.7107    0.7624    0.4124   0.03599   0.01231  0.004707
   108/149     1.44G   0.03698   0.02852  0.002655   0.06815        14       416    0.7596    0.7666    0.7378    0.3942   0.03722   0.01212  0.005333
   109/149     1.44G   0.03589   0.02854   0.00227    0.0667        18       416    0.8316    0.6862    0.7143    0.3933   0.03607   0.01275  0.004625
   110/149     1.44G   0.03576   0.02758  0.002481   0.06582        20       416    0.8432    0.7252    0.7613    0.3896   0.03827    0.0124  0.005524
   111/149     1.44G    0.0352   0.02855  0.002503   0.06625        18       416    0.7929    0.7425    0.7769    0.4086   0.03625   0.01241  0.003859
   112/149     1.44G   0.03567   0.02857  0.002685   0.06693        19       416    0.7932    0.7822    0.7768    0.4301   0.03637    0.0122  0.003953
   113/149     1.44G   0.03538   0.02807  0.002895   0.06635        12       416    0.8127    0.7582    0.7878    0.4264   0.03671   0.01185  0.005168
   114/149     1.44G   0.03504   0.02734   0.00276   0.06514        12       416    0.8956    0.6682    0.7818    0.4187   0.03645   0.01212  0.004488
   115/149     1.44G   0.03558   0.02736  0.002418   0.06536        18       416    0.7641    0.7462    0.7622    0.4025   0.03641     0.012  0.005294
   116/149     1.44G   0.03539     0.029  0.002682   0.06708        38       416    0.8277    0.7355    0.7736    0.4133   0.03675   0.01226  0.003332
   117/149     1.44G   0.03526    0.0285  0.002678   0.06643        18       416    0.7894    0.7281    0.7587    0.4062   0.03788    0.0126  0.004452
   118/149     1.44G   0.03508   0.02762  0.002161   0.06486        14       416    0.8657    0.6658    0.7428    0.4082   0.03709   0.01239  0.006081
   119/149     1.44G   0.03427   0.02788  0.002461   0.06461        25       416    0.8855    0.7138    0.7776    0.4169   0.03748     0.012  0.006538
   120/149     1.44G   0.03394   0.02693  0.002257   0.06313        16       416    0.8554    0.7208     0.781     0.392   0.03631   0.01244  0.006247
   121/149     1.44G   0.03369   0.02808  0.002608   0.06438        30       416    0.8235     0.755    0.7918    0.4198   0.03737   0.01207  0.006849
   122/149     1.44G   0.03357   0.02753  0.001948   0.06305        40       416    0.8675    0.6688    0.7567    0.4097   0.03629   0.01199  0.006277
   123/149     1.44G   0.03399   0.02642  0.002293    0.0627        21       416    0.8181    0.7474     0.767    0.4208   0.03515   0.01249  0.004347
   124/149     1.44G   0.03473   0.02936  0.002396   0.06648        27       416    0.7898    0.7293    0.7518    0.4085   0.03678   0.01192   0.00634
   125/149     1.44G   0.03379   0.02776  0.001899   0.06344        29       416    0.8054    0.7395    0.7769    0.4064   0.03773   0.01199  0.004789
   126/149     1.44G   0.03403   0.02676  0.002241   0.06303        35       416    0.8664    0.6886    0.7605    0.3986   0.03624   0.01228  0.005532
   127/149     1.44G   0.03447   0.02719  0.002103   0.06376        26       416    0.8104    0.7234    0.7677    0.4204   0.03596   0.01214  0.004622
   128/149     1.44G   0.03476    0.0276  0.002109   0.06447        20       416    0.7852     0.757    0.7714    0.4258    0.0356   0.01218  0.004118
   129/149     1.44G   0.03407   0.02789  0.002018   0.06397        51       416    0.7785    0.7275    0.7656    0.4081     0.037    0.0119  0.004294
   130/149     1.44G   0.03403   0.02652  0.001912   0.06246        47       416    0.8434    0.7328    0.7694    0.4273   0.03789   0.01226  0.005404
   131/149     1.44G   0.03307   0.02572  0.001852   0.06064        26       416    0.8778    0.6759     0.754    0.4265   0.03633    0.0122  0.004116
   132/149     1.44G   0.03357   0.02804  0.002453   0.06406        25       416    0.7946    0.7422    0.7811    0.4215   0.03709   0.01201  0.004885
   133/149     1.44G   0.03372   0.02722  0.002751    0.0637        16       416    0.7994    0.7348    0.7494    0.4014   0.03666   0.01219  0.005715
   134/149     1.44G   0.03372   0.02754  0.002218   0.06348        18       416    0.8344    0.7552    0.7688    0.4288   0.03654   0.01142  0.006635
   135/149     1.44G   0.03334   0.02593  0.001939   0.06121        24       416    0.8574    0.7197    0.7773    0.4207   0.03644    0.0117  0.003925
   136/149     1.44G   0.03404   0.02736  0.002237   0.06364        31       416    0.8408    0.7016    0.7512    0.4166   0.03701   0.01207  0.004082
   137/149     1.44G   0.03379   0.02604  0.002494   0.06232        20       416    0.8372    0.7173    0.7818    0.4274   0.03592   0.01306  0.003929
   138/149     1.44G   0.03414   0.02778  0.002495   0.06441        39       416    0.7972    0.7498     0.767    0.4086   0.03641   0.01231  0.005714
   139/149     1.44G   0.03378   0.02614  0.002324   0.06225        25       416    0.8548    0.7134     0.754     0.417   0.03656   0.01194  0.005827
   140/149     1.44G   0.03278   0.02771  0.002077   0.06257        55       416    0.8339    0.6927    0.7603    0.4231   0.03691    0.0119  0.003898
   141/149     1.44G   0.03389   0.02657  0.001832   0.06228        34       416    0.8665    0.7133    0.7831    0.4308   0.03637   0.01147  0.003508
   142/149     1.44G   0.03372   0.02731  0.002321   0.06334        55       416    0.9082    0.6791    0.7825    0.4343   0.03657   0.01173   0.00546
   143/149     1.44G   0.03382   0.02797  0.001944   0.06374        21       416    0.8406    0.7311    0.7736    0.4194    0.0371   0.01238   0.00685
   144/149     1.44G   0.03426    0.0288  0.002278   0.06534        43       416    0.8716    0.7066    0.7802    0.4203   0.03655   0.01259  0.005202
   145/149     1.44G   0.03238   0.02742  0.001906   0.06171        35       416    0.8232    0.7207    0.7787    0.4163   0.03763   0.01244  0.004982
   146/149     1.44G   0.03335   0.02648  0.002282   0.06211        17       416    0.8123    0.7093    0.7648    0.4162   0.03781   0.01179  0.006573
   147/149     1.44G   0.03311   0.02643  0.001861   0.06141        49       416    0.8406    0.6821    0.7603    0.4095   0.03695   0.01194  0.004659
   148/149     1.44G   0.03394   0.02641  0.002624   0.06298        57       416    0.8175    0.7486    0.7807    0.4217   0.03546   0.01165  0.006594
   149/149     1.44G   0.03293   0.02666  0.002703   0.06229        24       416    0.8354    0.6758    0.7412     0.414   0.03444   0.01197  0.005233
